15

15
hymdhlpicr
fjdofrlikl
fpexuokhtg
pjlypjkzho
ryojcwvgyp
ljnllyzkfl
bkrhbnsyae
mahsselwny
jgjtfsiull
xqczhoxbtq
mljoxqiojc
zyrqctyruf
njxwokhaem
bscipezjcw
fjrdztzcaq
11 5 1 8 13 15 14 12 2 7 10 4 6 9 3
3 5 14 1 4 9 11 10 15 7 12 8 13 2 6
3 6 9 2 14 1 13 12 5 11 7 10 8 4 15
11 5 4 6 12 1 9 14 7 8 13 15 3 2 10
5 14 8 4 9 7 6 2 12 10 13 1 15 3 11
6 12 3 10 4 2 7 9 8 5 1 15 11 13 14
4 5 11 15 1 7 12 6 14 8 3 13 10 9 2
2 8 6 9 5 15 7 12 11 10 1 3 13 14 4
6 13 2 15 11 4 10 5 12 9 1 8 3 14 7
9 12 15 11 1 7 8 14 5 6 4 10 2 13 3
4 2 5 14 6 3 11 12 15 1 9 10 13 8 7
11 5 13 4 7 9 3 12 10 8 6 2 15 14 1
1 4 12 10 3 6 7 11 13 8 5 2 9 15 14
11 15 7 5 13 4 9 14 2 1 6 12 3 10 8
11 10 5 3 14 4 13 6 15 8 2 12 9 7 1
13 5 6 7 15 1 14 8 10 11 12 2 3 9 4
14 5 7 8 9 6 15 2 10 13 4 11 12 3 1

14
meaxywyrpj
yhujicsafo
xwccjeahwp
qauepfdssb
qcwgwzyfyx
kqcieldeej
fqasrtsdej
vvutfuecto
ezotgnrbte
ybkdycxrxp
zvzvnikeou
asvkhdpnfm
olhqzwyszm
zktgmjmect
9 4 12 13 3 14 6 8 10 11 2 5 7 1
1 5 14 2 11 8 9 7 12 3 4 10 13 6
3 1 14 12 11 8 4 13 5 9 7 10 6 2
5 3 13 9 10 1 8 11 2 4 14 7 12 6
1 11 9 12 10 8 13 14 3 6 5 2 7 4
5 13 1 14 12 8 6 11 10 9 2 3 7 4
12 13 4 6 7 5 14 3 10 8 11 2 1 9
13 6 7 9 3 4 12 14 2 5 11 8 10 1
4 3 5 9 12 11 8 14 1 13 2 10 7 6
9 11 13 4 3 1 12 2 7 10 8 6 5 14
3 9 11 2 13 8 10 6 4 1 7 5 12 14
14 12 2 4 3 13 6 8 1 11 10 5 9 7
11 2 10 3 6 4 7 8 5 14 1 13 9 12
2 3 5 13 7 1 12 9 6 4 11 8 14 10
1 9 12 4 8 10 13 5 2 11 6 14 7 3
14 8 13 10 12 2 5 6 7 11 3 4 1 9
7 10 13 2 1 14 6 8 3 5 4 9 12 11
6 2 11 9 8 14 1 7 12 13 4 5 3 10
4 11 2 6 8 9 14 3 1 10 7 5 13 12
8 2 10 1 11 14 4 5 12 3 9 6 13 7
10 4 13 14 5 9 3 7 1 12 11 8 2 6
11 4 3 10 8 12 7 9 14 13 5 2 1 6
9 13 12 2 5 11 3 6 7 8 10 14 1 4
14 11 9 8 10 7 2 3 5 6 4 13 1 12
11 6 14 12 10 9 1 5 8 13 7 4 2 3
10 3 14 8 6 5 9 1 2 4 7 13 12 11
10 6 13 7 14 1 5 2 4 8 12 11 9 3
6 9 5 10 2 7 12 13 8 11 4 1 14 3
12 14 11 13 4 6 9 3 8 2 7 10 1 5
2 13 12 11 14 10 9 6 7 3 5 1 8 4
13 1 6 10 5 2 11 12 9 8 7 4 14 3
10 14 13 4 6 8 11 12 5 7 9 1 2 3
2 6 5 8 13 9 11 7 12 1 4 3 10 14

12
kckyrirnnn
edyugicdba
etcuxopuey
njjqlaxvww
xybbhjbdiv
vxrlmtambz
lskcitgasm
wmduiqbnmg
tehytguuru
eylsmiqpse
fluhmfepmo
ncoxhnjwbx
8 1 9 10 3 11 7 12 4 6 2 5
4 1 5 12 11 3 7 8 6 10 2 9
8 3 10 4 1 9 6 5 12 11 7 2
6 12 2 9 5 11 4 8 3 7 10 1
11 2 1 7 3 12 8 6 10 4 5 9
8 11 2 4 9 5 12 3 6 7 10 1
7 1 5 11 10 3 2 9 8 4 6 12
10 3 9 4 2 6 7 8 5 1 12 11
11 9 2 12 1 6 3 8 4 5 10 7
1 7 5 3 10 8 12 4 2 6 11 9

4
hgkekuoxas
krsebqxkef
dmkqfprbev
tkycffsvna
2 3 1 4
3 1 2 4
2 4 3 1
3 1 4 2
1 2 4 3
4 1 2 3
1 4 2 3
3 4 2 1
2 4 1 3
3 4 2 1
2 4 1 3
1 3 4 2
1 4 3 2
2 4 3 1
2 1 3 4
1 2 3 4
4 1 3 2
1 2 4 3
2 4 3 1
2 4 1 3
4 2 3 1
3 2 4 1
1 3 2 4
1 3 2 4
1 2 3 4
3 1 4 2
1 2 3 4
2 3 4 1
3 2 1 4
1 4 3 2

3
almgynpkut
vuxgtbyflj
pnabyvtvok
1 2 3
3 1 2
3 1 2
3 1 2
3 1 2
2 1 3
2 1 3
2 1 3
2 3 1
1 2 3
1 2 3
3 2 1
1 2 3
3 2 1
3 2 1
1 2 3
1 3 2
2 3 1
1 2 3
1 3 2
2 1 3
3 2 1

9
dpsecyzvge
khfvmjivuy
dhwncfmubn
boythuumsx
ctxhojdhxr
oxmigbstxn
axkfqwjbwe
skcohjzsbr
venncjdasb
4 6 1 5 3 8 9 2 7
7 2 3 4 6 5 9 1 8
5 8 3 2 9 4 7 1 6
6 7 8 9 2 3 5 1 4
8 2 6 4 9 7 5 1 3
9 4 7 3 1 6 5 2 8
1 3 8 4 2 5 9 7 6
7 2 5 3 6 1 9 4 8
3 5 6 8 4 7 9 1 2
1 2 9 4 8 3 6 7 5
3 1 6 7 4 5 2 8 9
8 4 3 9 7 2 1 6 5
5 3 2 8 6 4 9 1 7
2 7 3 6 1 8 5 9 4
9 7 5 2 1 4 6 8 3
6 2 7 1 8 5 3 4 9
8 7 5 4 9 1 3 6 2
1 9 6 3 5 7 2 8 4
9 6 8 4 1 2 5 7 3
6 3 2 5 4 7 9 8 1
5 7 6 2 3 4 9 1 8
1 3 2 4 7 5 9 8 6
7 6 4 3 1 5 8 9 2
7 8 1 9 2 3 4 6 5
4 8 3 6 7 5 9 1 2
9 5 4 1 6 2 7 8 3
7 2 1 3 8 9 5 6 4
6 1 5 7 9 2 4 3 8
9 7 4 3 1 2 6 8 5
5 9 7 2 4 8 1 3 6
5 6 9 8 2 7 4 1 3
3 6 9 4 2 8 5 1 7
4 8 5 6 9 1 3 7 2
3 9 1 5 2 4 7 8 6
5 8 3 4 7 1 6 9 2
4 3 5 1 9 2 6 8 7
1 4 8 5 2 6 9 3 7
4 6 1 9 8 5 3 7 2
3 6 5 4 9 8 7 1 2
1 8 6 9 7 2 4 3 5
7 6 9 5 3 8 4 1 2
6 5 2 3 7 8 4 9 1
1 6 5 8 3 9 7 4 2
9 4 5 7 3 6 8 2 1
1 4 2 5 3 6 9 8 7

11
lyrazqwbnh
sqaggjqusd
sgvoxftgoo
htkpmciycc
qungpmcuof
aixcnropzl
ojogmwhxps
vjhqzymyru
tyrmlsdswu
gbjhfoxqts
nrrqdbqhko
4 6 5 8 11 7 3 9 1 2 10
5 11 1 8 4 3 9 7 6 10 2
2 6 5 7 1 11 3 8 9 10 4
2 8 1 4 11 6 10 9 3 5 7
6 9 11 2 4 10 7 8 5 1 3
3 10 6 4 11 7 1 9 8 2 5
9 2 5 6 8 4 7 10 11 1 3
5 3 6 9 2 11 7 10 8 1 4
6 2 3 5 1 10 9 7 4 8 11
11 2 5 3 7 8 10 6 9 4 1
9 2 11 4 5 1 7 6 10 8 3
3 9 5 11 4 8 10 2 7 6 1
5 1 7 2 10 9 11 8 6 4 3
11 9 7 6 1 5 8 3 2 4 10
1 4 8 6 7 10 2 3 9 11 5
4 8 1 3 10 5 2 11 7 6 9
2 4 7 6 8 11 9 10 3 5 1
3 8 11 1 6 2 7 4 9 10 5
3 1 7 6 4 11 2 10 9 5 8
7 1 3 8 11 10 6 2 5 4 9
4 3 11 5 2 8 6 9 10 7 1
6 11 7 8 10 1 5 4 3 9 2
2 1 8 7 10 9 3 5 4 6 11
9 6 4 5 3 10 1 2 8 11 7
10 8 3 11 9 5 6 1 4 7 2
6 5 11 7 9 8 3 4 1 2 10
1 11 5 9 3 8 10 4 2 7 6
7 10 11 9 6 1 2 4 3 5 8
8 2 3 10 9 4 1 5 11 6 7
6 7 11 8 5 10 4 9 2 1 3
9 6 3 10 1 11 7 8 2 4 5
11 1 8 3 5 10 4 6 9 2 7
8 1 5 10 7 3 6 4 2 11 9
4 9 6 7 2 11 10 1 8 3 5
8 10 3 9 6 1 7 5 11 4 2
8 7 5 2 10 3 9 1 6 4 11
5 3 9 10 4 2 8 11 7 6 1
3 5 10 1 9 6 8 2 11 4 7
8 3 6 11 10 5 7 4 9 1 2
10 8 2 7 9 6 11 4 1 3 5
1 11 3 5 8 4 2 10 6 7 9
8 10 9 7 1 5 3 6 4 2 11
1 10 11 3 2 8 6 9 7 4 5
2 9 4 3 6 11 8 5 1 7 10
6 8 2 4 11 9 3 1 5 7 10

4
rslbffpnrs
lnmzeyujlo
bwxnxscfci
dmchxcctjp
3 4 2 1
4 3 2 1
4 3 2 1
2 1 3 4
2 1 3 4
1 4 2 3
1 2 3 4
1 4 3 2
3 2 1 4
1 2 3 4
4 2 1 3
3 1 4 2
3 1 2 4
3 2 4 1
2 3 4 1
1 2 4 3
4 2 1 3
4 1 2 3
4 2 3 1
1 3 2 4
1 4 3 2
4 1 3 2
4 2 3 1
2 1 3 4
1 3 2 4
2 3 4 1
1 3 2 4
3 4 2 1
4 2 1 3
2 4 3 1

14
ykhkrqnnwn
skggrfivjk
qkfqqcjged
fajjtkgksm
auyfgqjcfu
wqgttqiqcy
yuqtshnqyo
xqcxtlxilr
mqjrwvxykw
psfvtjyhst
pqaipemnno
jwxcmwrkyu
xzjfntdtdp
wgmhwqiavk
2 14 6 9 7 11 3 10 13 5 12 4 1 8
10 4 12 9 2 8 11 1 7 5 13 3 14 6
6 2 9 14 5 3 13 1 4 12 8 11 10 7
12 3 6 11 2 5 13 1 8 4 9 14 10 7
5 10 11 3 9 6 7 1 14 4 2 8 13 12
14 6 11 1 13 5 3 10 12 9 8 7 2 4
8 1 2 4 7 11 5 3 13 14 10 12 6 9
10 7 4 1 5 2 9 12 6 11 8 3 14 13
2 6 11 8 1 7 5 9 13 4 3 12 14 10
3 10 11 7 13 8 12 14 2 5 4 6 9 1
1 10 4 6 3 14 8 13 5 2 12 7 11 9
9 10 8 4 14 12 11 1 13 2 3 7 6 5
4 1 11 2 12 5 7 6 10 3 9 8 13 14
1 12 3 4 11 9 7 8 13 10 6 5 2 14
4 12 3 10 5 6 8 14 1 9 11 13 2 7

5
fcxfampqfe
ettntqmejl
arzatrekgf
kodwxqzgoh
pyimuvhskz
3 4 5 1 2
5 3 4 1 2
4 1 3 5 2
2 3 1 4 5
1 3 5 4 2
3 4 5 2 1
5 2 1 3 4
1 3 4 2 5
1 5 2 3 4
5 2 3 4 1
2 4 5 1 3
4 2 5 3 1
5 1 2 4 3
1 3 5 2 4
3 5 1 4 2
1 3 4 2 5
1 5 2 3 4
5 3 4 2 1
3 5 4 1 2

7
lgonhklrgn
jonwsbgpvy
vzstejidtt
csmmcxvimj
fqsggexjno
uqewbnoxlj
erpsgfwlhu
2 7 3 1 5 4 6
5 7 6 3 4 1 2
3 6 1 2 7 4 5
6 5 1 2 3 4 7
5 2 4 7 3 6 1
3 7 2 5 6 1 4
1 5 7 2 3 4 6
1 4 7 5 3 6 2
3 1 2 4 7 5 6
3 4 1 5 2 6 7
7 1 5 3 2 4 6
5 7 2 4 6 3 1
3 5 1 4 6 7 2
7 5 3 4 1 6 2

11
ppokfudhrb
uupxcsevjc
zdaxewmets
jpzvgauoom
bpqwujqtkw
lxoxhbgjki
ubsafwezeu
toxybfbkmd
rthtfabwnz
fofctdzaon
opqmmekfkw
7 5 6 11 9 8 1 4 2 10 3
3 2 9 11 8 1 6 7 5 10 4
2 7 6 3 8 10 11 5 1 4 9
1 6 10 8 11 2 9 3 4 7 5
7 4 11 10 2 9 6 5 8 1 3
11 8 6 4 3 9 7 5 2 1 10
6 5 7 1 3 11 8 4 10 2 9
1 2 9 4 7 8 11 6 3 10 5
3 6 11 10 5 9 8 4 1 7 2
1 10 6 4 8 11 2 5 3 9 7
9 6 4 8 1 11 10 2 3 7 5
7 10 2 6 5 3 4 9 8 1 11
6 10 8 2 1 5 7 4 3 11 9
3 1 9 5 8 11 10 2 4 6 7
9 7 11 8 1 3 2 5 4 10 6
5 11 2 9 8 3 7 1 10 4 6
6 2 5 3 10 9 4 11 8 7 1
9 5 8 3 1 11 6 10 2 4 7
9 5 2 4 10 3 7 8 6 1 11
7 2 5 3 6 11 10 4 9 1 8
11 3 1 10 4 8 2 9 6 7 5
3 2 10 8 6 11 1 9 7 5 4
2 10 7 8 11 5 3 9 1 4 6

11
oxbmhwfche
tmmhbqqhoz
nzmswcjbsa
tpccjfzaod
prjldkibju
asapqyqpik
ypjgvqgysv
hbuwiedfbl
ctyetgbqrf
xomorqkeen
bfyjlorpje
10 5 4 3 6 1 2 8 9 11 7
11 9 2 7 4 8 1 5 6 10 3
10 4 9 8 1 5 6 11 7 3 2
9 11 7 8 5 10 1 2 6 4 3
6 3 1 4 9 7 5 11 8 2 10
9 10 2 4 5 1 7 3 6 8 11
8 5 2 10 7 4 1 9 3 11 6
5 4 11 6 2 10 3 8 9 1 7
5 10 6 2 7 11 9 1 8 3 4
10 4 6 9 1 3 2 8 5 7 11
6 5 8 11 10 7 3 2 1 9 4
3 2 11 1 9 10 8 7 5 4 6
3 7 9 5 11 2 1 10 8 6 4
9 4 10 6 5 3 11 1 7 2 8
4 3 7 5 11 2 8 9 1 10 6
4 1 5 3 9 7 11 8 10 6 2
2 6 10 7 3 11 1 8 9 4 5
4 8 5 11 1 6 10 2 7 9 3
2 11 3 9 4 8 6 5 1 10 7
1 2 7 5 6 9 4 10 8 3 11
3 6 10 4 9 2 1 11 8 5 7
6 7 11 5 10 1 2 4 3 9 8
7 11 6 9 3 1 2 8 10 5 4
1 4 9 3 8 11 10 2 5 6 7
5 10 9 1 8 7 11 4 6 2 3
9 1 10 4 6 2 8 3 11 7 5
2 8 11 7 5 10 9 3 4 6 1
8 4 11 5 1 6 9 7 10 3 2
1 3 10 5 9 11 6 2 7 4 8
10 3 6 2 5 4 9 1 8 11 7
8 11 9 10 3 6 5 4 7 2 1

10
gjsqzlixer
iwegnsrclu
yfaufejgkd
iluactkaay
uhqazgmgnm
orimtvrshk
bhderwrhfa
uqfhfgxejn
hruszyuwgj
jtwdqgwkjg
6 10 9 2 8 7 1 3 4 5
7 8 4 2 3 5 10 6 1 9
5 1 6 7 8 2 4 10 9 3
6 7 5 10 4 1 8 3 9 2
7 10 2 4 6 1 8 5 3 9
8 9 5 6 4 10 1 3 7 2
4 8 9 1 10 7 6 3 2 5
10 7 3 2 5 8 9 4 6 1
2 5 3 7 10 1 4 9 6 8
9 4 2 3 5 8 10 1 7 6
3 8 1 2 9 6 7 5 10 4
4 8 1 9 6 7 3 5 10 2
3 10 1 8 6 5 7 2 9 4
7 10 9 3 4 5 8 2 6 1
6 9 1 3 10 5 7 2 8 4
7 8 9 6 3 5 10 4 1 2
2 4 7 3 5 1 6 8 9 10
3 8 5 7 4 6 9 1 2 10
7 10 6 1 9 4 8 3 5 2
2 9 8 5 10 4 3 1 6 7
2 1 9 3 4 7 10 8 5 6
4 10 7 5 3 8 9 1 6 2
7 6 9 4 1 5 2 8 3 10
9 4 8 7 3 5 1 6 10 2
1 8 9 6 5 2 4 7 10 3
7 6 4 2 5 1 3 10 9 8
2 5 3 4 9 10 1 7 8 6
6 9 8 10 1 2 4 3 7 5
1 4 8 7 2 3 5 6 9 10
8 10 6 4 2 1 7 9 3 5
1 5 10 7 9 6 3 8 4 2
10 1 4 2 5 6 7 9 3 8
3 4 8 10 6 1 5 2 9 7
4 10 8 3 1 5 7 2 6 9
5 3 7 8 4 6 10 9 1 2
8 4 3 1 7 9 5 6 2 10
3 4 7 6 5 1 2 9 10 8

9
xwyfqtribw
uiwxplzzux
yphiqipxec
ogvcuolahc
sulmryqekr
gmnopacsds
yzevggqcdn
zcevmffdgo
dfmsnxfoez
3 7 8 9 5 6 1 2 4
5 2 6 4 3 1 9 7 8
3 5 9 7 2 8 4 6 1
8 2 6 1 5 4 3 9 7
3 7 9 8 4 5 1 2 6
8 4 1 6 3 5 2 9 7
6 4 7 9 1 5 8 3 2
4 5 2 9 3 1 8 6 7
9 8 3 1 6 7 5 2 4
3 4 5 7 2 9 6 1 8
9 5 2 3 4 1 7 8 6
1 7 9 2 8 4 6 3 5
9 6 2 3 5 7 4 1 8
4 9 3 6 2 8 1 5 7
6 8 7 5 1 3 4 2 9
3 2 7 9 5 8 4 1 6
4 2 3 6 7 9 8 1 5
4 9 6 7 3 5 1 8 2
4 3 1 5 7 6 2 9 8
3 6 7 9 4 8 1 5 2
1 3 6 8 4 2 7 5 9
7 6 5 3 2 1 9 4 8
6 7 8 2 4 3 9 1 5
7 9 1 6 4 5 3 8 2
1 9 3 7 4 6 5 8 2
3 6 9 5 1 7 2 4 8
9 7 4 8 2 1 6 5 3
6 3 9 7 1 5 4 8 2
6 7 8 5 2 3 1 4 9
9 1 3 6 8 2 7 5 4
9 1 4 3 7 5 6 8 2
4 8 5 9 3 1 6 7 2
7 6 4 3 9 5 1 8 2
4 7 6 3 5 9 8 1 2
5 8 1 6 7 4 2 3 9
9 6 3 7 8 5 2 1 4
9 2 7 6 5 3 1 8 4
8 1 3 2 7 5 6 4 9
1 7 4 9 6 5 8 3 2
3 4 7 9 6 5 1 8 2
8 5 7 6 2 1 9 4 3
7 6 5 1 2 3 8 4 9
